235
26
26
27
27
26.0009
26.0009
26.0307
26.0683
26.1057
25.7326
27.1406
27.9924
29.1305
31.1647
31.896
33.0904
34.3737
35.5007
36.7555
37.5844
38.2573
38.8791
38.9794
38.9781
39.3417
39.3906
39.3806
39.3722
39.361
39.3504
39.4133
39.3501
39.3493
39.3494
39.3494
39.3494
39.3494
39.3494
39.3494
39.3494
39.3503
39.3494
39.5132
39.5173
39.5184
39.5179
39.5184
39.5179
39.5184
39.5179
39.5184
39.5184
39.5179
39.5184
39.5174
39.5176
39.5173
39.5178
39.5174
39.5178
39.5174
39.5145
39.515
39.5145
38.6629
38.6799
39.3844
39.1505
39.5346
39.5933
39.9235
39.9198
40.0817
40.2285
40.3431
41.2871
41.2086
41.4079
41.0705
41.3267
41.3418
41.3237
41.3978
41.3585
41.3585
41.3647
41.3591
41.3527
41.3473
41.3407
41.341
41.3518
41.3458
41.3462
41.3458
41.3462
41.3458
41.7158
40.7829
40.6881
40.7822
40.5361
40.5506
40.0834
39.8865
39.6191
39.1819
38.9838
38.5095
38.5123
39.4193
39.5342
39.3354
39.4817
39.4809
39.4952
39.4991
39.5191
39.4994
39.6067
39.5935
39.6247
39.5372
39.531
39.539
39.5317
39.5311
39.6424
39.5403
39.5511
39.55
39.5402
39.5407
39.5397
39.5416
38.6253
38.5744
38.6958
38.8341
38.0454
37.8116
37.5489
37.5161
37.3924
37.1848
37.0932
37.4887
37.5917
37.4999
37.8248
37.9659
38.0186
38.0162
38.0081
38.0058
38.0162
38.0248
38.0208
38.0197
38.0215
38.1092
38.0416
38.0806
38.0418
38.0342
38.0571
38.0283
38.0381
38.0526
38.0265
38.0422
38.0255
38.0422
37.2598
37.4223
37.8638
38.4514
39.327
40.4062
40.7224
41.7935
42.1878
42.6797
43.5556
43.5642
43.6085
43.5482
43.6268
43.6282
43.6587
43.6566
43.664
43.6617
43.6588
43.6603
43.6586
43.6602
43.6705
43.6551
43.6596
43.6779
43.6551
43.6841
43.6628
43.674
43.6566
43.673
42.8544
42.5466
42.0744
41.3742
41.0127
39.881
39.037
38.4549
37.629
37.3207
37.6888
37.7197
37.708
37.7148
37.9113
37.9114
37.9827
37.9878
38.0099
38.0072
38.0447
38.0391
38.04
38.0408
38.0382
38.0399
38.0509
38.0338
38.0434
38.0272
38.0434
38.0368
38.0338
