235
223
223
223
222
223
223
222.961
222.924
222.889
222.855
222.814
223.205
222.932
223.39
223.719
223.833
224.092
224.525
224.697
224.731
224.867
224.988
224.936
224.811
224.801
224.865
224.772
224.816
224.813
224.751
224.8
224.793
224.792
224.792
224.792
224.792
224.792
224.792
224.792
224.791
224.792
224.791
224.644
224.638
224.637
224.636
224.637
224.636
224.636
224.636
224.636
224.636
224.636
224.636
224.636
224.636
224.636
224.636
224.636
224.636
224.634
224.635
224.634
224.632
224.621
224.536
224.62
224.585
224.625
224.682
224.793
224.473
224.56
224.888
224.896
224.827
224.752
224.596
224.601
224.603
224.573
224.563
224.608
224.576
224.543
224.583
224.562
224.563
224.555
224.554
224.556
224.554
224.556
224.554
224.556
224.569
224.561
224.414
224.406
224.392
224.4
224.295
224.417
224.39
224.383
224.606
224.537
224.562
224.624
224.641
224.766
224.87
224.775
224.774
224.634
224.63
224.629
224.615
224.611
224.622
224.605
224.695
224.626
224.659
224.647
224.618
224.621
224.695
224.648
224.645
224.662
224.647
224.631
224.631
224.631
224.43
224.039
222.98
222.163
220.337
219.008
217.778
216.745
215.778
215.377
215.17
215.088
215.039
215.027
214.881
214.873
214.873
214.868
214.867
214.859
214.945
214.851
214.9
214.932
214.843
214.922
214.888
214.881
214.893
214.872
214.866
214.866
214.865
214.869
214.869
214.869
214.868
215.15
215.462
216.044
216.597
217.107
217.666
218.043
218.739
219.206
219.475
219.669
219.651
219.607
219.598
219.477
219.476
219.471
219.477
219.47
219.515
219.462
219.522
219.461
219.481
219.447
219.475
219.502
219.5
219.5
219.49
219.49
219.49
219.499
219.494
219.451
218.592
218.76
218.169
217.475
217.073
216.514
215.965
215.361
215.183
215.094
215.079
215.078
215.069
214.918
214.915
214.872
214.872
214.865
214.868
214.873
214.889
214.851
214.868
214.853
214.858
214.878
214.877
214.873
214.873
214.873
214.873
214.873
